1312.0
2372.3
520.2
899.5
800.6
1086.5
1402.3
1313.9
1681.0
2080.7
495.8
737.7
577.5
786.5
1011.8
999.6
1251.2
1520.6
418.8
589.8
633.1
658.8
650.9
652.9
717.3
762.5
760.4
737.1
745.5
906.4
578.8
762.0
947.0
941.0
1139.9
1350.8
403.0
549.5
600.0
640.1
652.1
684.3
702.0
710.2
719.7
804.4
731.0
867.8
558.3
708.6
834.0
869.3
1008.4
1170.4
375.7
502.9
538.1
534.4
527.0
533.1
540.0
544.5
547.1
593.4
565.8
573.0
581.0
589.3
596.7
603.4
523.5
658.5
761.0
770.0
760.0
840.0
880.0
870.0
890.1
1007.1
589.4
715.6
703.0
812.1
899.0
1037.0
380.0
509.3
499.0
587.0
568.0
597.6
604.5
584.7
578.0
581.0
601.0
608.0
619.0
627.0
635.0
642.0
470.0
580.0
-1
-1
-1
-1
-1
-1
-1
-1
-1
-1
-1
-1
-1
-1